1 29 45
2 6 34
3 55 60
4 57 58
5 14 47
6 2 48
7 38 59
8 24 54
9 44 45
10 18 35
11 53 57
12 27 33
13 21 52
14 5 31
15 17 23 34
16 40 50
17 15 59
18 10 34
19 41
20 22 51
21 13 32
22 20 35
23 15 47
24 8 41
25 43
26 39 44
27 12 46
28 36 37
29 1 50
30 46 60
31 14 55
32 21 37
33 12 42
34 2 18 15
35 10 22
36 28 39
37 28 32
38 7 43
39 26 36
40 16 51
41 19 24
42 33 56
43 25 38
44 9 26
45 1 9
46 27 30
47 5 23
48 6 49
49 48 54
50 16 29
51 20 40
52 13 58
53 11 56
54 8 49
55 3 31
56 42 53
57 4 11
58 4 52
59 7 17
60 3 30
