1 47 54
2 19 56
3 17 59
4 26 27 58
5 60 66
6 55 70
7 24 52
8 48 65
9 38 42
10 51 70
11 60 69
12 30 36
13 29 43
14 15 54
15 14 54
16 28 35 44
17 3 34 44
18 46 68
19 2 58
20 63 65
21 27 37
22 24 25
23 53 64
24 7 22
25 22 41
26 4 28
27 4 21
28 16 26 59
29 13 66
30 12 34
31 58 64
32 40 41
33 35 53
34 17 30
35 16 33
36 12 52
37 21 51
38 9 67
39 49 69
40 32 62
41 25 32
42 9 46
43 13 57
44 16 17 50
45 62 63
46 18 42
47 1 61
48 8 67
49 39 56
50 44
51 10 37
52 7 36
53 23 33
54 1 15 14
55 6 61
56 2 49
57 43 68
58 4 19 31
59 3 28
60 5 11
61 47 55
62 40 45
63 20 45
64 23 31
65 8 20
66 5 29
67 38 48
68 18 57
69 11 39
70 6 10
