1 11 68
2 9 17
3 57 75
4 16 32
5 33 78
6 18 38
7 67 78
8 31 45
9 2 55
10 67 76
11 1 17
12 21 51
13 23 65
14 43 47
15 35 56
16 4 33
17 2 11
18 6
19 56 80
20 73 77
21 12 68
22 26 49
23 13 45
24 70 79
25 54 64
26 22 72
27 52 61
28 40 51
29 31 70
30 36 44
31 8 29
32 4 42
33 5 16
34 44 46
35 15 63
36 30 74
37 48 80
38 6 50
39 75
40 28 58
41 69 77
42 32 58
43 14 46
44 30 34
45 8 23
46 34 43
47 14 71
48 37 69
49 22 64
50 38 71
51 12 28
52 27 62
53 60 62
54 25 59
55 9 72
56 15 19
57 3 59
58 40 42
59 54 57
60 53 65
61 27 76
62 52 53
63 35 79
64 25 49
65 13 60
66 73 74
67 7 10
68 1 21
69 41 48
70 24 29
71 47 50
72 26 55
73 20 66
74 36 66
75 3 39
76 10 61
77 20 41
78 5 7
79 24 63
80 19 37
