1 26 27
2 27 43 58
3 23 40
4 22 24
5 7 81
6 10 17
7 5 36
8 32 87
9 62 80
10 6 11
11 10 46
12 15 73
13 47 63
14 45 99
15 12 25
16 20 87
17 6 86
18 29 37 39
19 65 81
20 16 44 41
21 86 95
22 4 52 56
23 3 96
24 4 90
25 15 92
26 1 75
27 1 2
28 68
29 18 43 61
30 70 76
31 54 98
32 8 100
33 48 71
34 35 74
35 34 55
36 7 84
37 18 40
38 62 77
39 18 67
40 3 37
41 44 68 20
42 78 99
43 2 29 46
44 20 41
45 14 69
46 11 43
47 13 79
48 33 82
49 74 77
50 83 89
51 53 60
52 22 69
53 51 61
54 31 85
55 35 84
56 22 63 82
57 73 96
58 2 59
59 58 100
60 51 76
61 29 53
62 9 38
63 13 56
64 92 93
65 19 97
66 94 97
67 39
68 28 41
69 45 52
70 30 71
71 33 70
72 80 91
73 12 57 78
74 34 49
75 26 88
76 30 60
77 38 49
78 42 73 98
79 47 94
80 9 72
81 5 19
82 48 56
83 50 95
84 36 55
85 54 93
86 17 21
87 8 16
88 75 91
89 50 90
90 24 89
91 72 88
92 25 64
93 64 85
94 66 79
95 21 83
96 23 57
97 65 66
98 31 78
99 14 42
100 32 59
